function busdata = busdata()     % Returns busdata.

%         |Bus | Vass  | PGi   | QGi |  PLi     | QLi 
busdata = [ 1    1.06     0.0    0.0    0.0      0; 
            2    1.0      0.4    0.3    0.2      0.1;  
            3    1.0      0.0    0.0    0.45      0.15 ;
            4    1.0      0.0    0.0    0.4    0.05;
            5    1.0      0.0    0.0    0.6    0.1;];