function [data] = lineimp()
%UNTITLED Summary of this function goes here
%   Detailed explanation goes here
%  |From|To|impedance|Line Charging 
data=[1 2 0.02+0.06j 0.030j;
 1 3 0.08+0.24j 0.025j;
 2 3 0.06+0.18j 0.020j;
 2 4 0.06+0.18j 0.020j;
 2 5 0.04+0.12j 0.015j;
 3 4 0.01+0.03j 0.010j;
 4 5 0.08+0.24j 0.025j];
end

